AUDUSD_CLF_dim64_depth2_ASB_True_AF_True_ICB_True_preTr_True_patch_32_batch_6420250427_070640  
Num Classes 5acc:{'test': 0.4575403928756714, 'val': 0.4520801603794098}, mf1:{'test': 0.27237409353256226, 'val': 0.285823255777359}AUDUSD_CLF_dim64_depth2_ASB_True_AF_True_ICB_True_preTr_True_patch_8_batch_6420250427_135223  
Num Classes 5acc:{'test': 0.451783150434494, 'val': 0.4452866315841675}, mf1:{'test': 0.2909236550331116, 'val': 0.29676711559295654}AUDUSD_CLF_dim192_depth2_ASB_True_AF_True_ICB_True_preTr_True_patch_8_batch_128_20250427_201450  
Num Classes 5acc:{'test': 0.4568207263946533, 'val': 0.449160635471344}, mf1:{'test': 0.31956255435943604, 'val': 0.32163313031196594}conf mat:[[2213  681    1  230  214]
 [ 806  586    4  317  378]
 [ 374  396    4  291  426]
 [ 339  465    6  522  834]
 [ 199  334    3  495 2388]]
conf mat normed:[[1.76955062e-01 5.44538621e-02 7.99616184e-05 1.83911722e-02
  1.71117863e-02]
 [6.44490644e-02 4.68575084e-02 3.19846474e-04 2.53478330e-02
  3.02254918e-02]
 [2.99056453e-02 3.16648009e-02 3.19846474e-04 2.32688310e-02
  3.40636494e-02]
 [2.71069886e-02 3.71821526e-02 4.79769711e-04 4.17399648e-02
  6.66879898e-02]
 [1.59123621e-02 2.67071806e-02 2.39884855e-04 3.95810011e-02
  1.90948345e-01]]

AUDUSD_CLF_dim32_depth2_ASB_True_AF_True_ICB_True_preTr_True_patch_16_batch_64_20250428_144101  
Num Classes 9  
acc:{'test': 0.2980969250202179, 'val': 0.2839818000793457}, mf1:{'test': 0.16232027113437653, 'val': 0.16284461319446564}  
conf mat:[[1274  297    3  282    0  113   14   20   29]
 [ 464  231    5  331    0  173   23   37   43]
 [ 311  209    4  312    0  189   27   63   73]
 [ 226  187    3  339    0  276   28   79  115]
 [  91   91    2  198    0  191   41   58   89]
 [ 113  135    3  305    0  330   62  146  199]
 [  73   82    4  258    0  313   83  162  278]
 [  48   65    1  219    0  285   76  172  425]
 [  36   43    1  130    0  300   71  252 1295]]  
conf mat normed:[[0.1  0.02 0.   0.02 0.   0.01 0.   0.   0.  ]
 [0.04 0.02 0.   0.03 0.   0.01 0.   0.   0.  ]
 [0.02 0.02 0.   0.02 0.   0.02 0.   0.01 0.01]
 [0.02 0.01 0.   0.03 0.   0.02 0.   0.01 0.01]
 [0.01 0.01 0.   0.02 0.   0.02 0.   0.   0.01]
 [0.01 0.01 0.   0.02 0.   0.03 0.   0.01 0.02]
 [0.01 0.01 0.   0.02 0.   0.03 0.01 0.01 0.02]
 [0.   0.01 0.   0.02 0.   0.02 0.01 0.01 0.03]
 [0.   0.   0.   0.01 0.   0.02 0.01 0.02 0.1 ]]  

AUDUSD_CLF_dim192_depth2_ASB_True_AF_True_ICB_True_preTr_True_patch_8_batch_128_20250428_195157  
Num Classes 9  
acc:{'test': 0.30289462208747864, 'val': 0.28852957487106323}, mf1:{'test': 0.1759079396724701, 'val': 0.17806294560432434}  
conf mat:[[1448  101   95  194    0   55   50   39   50]
 [ 579   87  118  234    0   62  102   67   58]
 [ 420   66  107  210    0   86  111   83  105]
 [ 345   83   82  223    0  106  144  117  153]
 [ 159   34   45  121    0   87  106   97  112]
 [ 201   43   77  215    0  119  179  207  252]
 [ 137   32   58  150    0  125  191  220  340]
 [  89   27   47  126    0  109  169  232  492]
 [  57   22   20  101    0   79  160  308 1381]]  
conf mat normed:[[0.12 0.01 0.01 0.02 0.   0.   0.   0.   0.  ]
 [0.05 0.01 0.01 0.02 0.   0.   0.01 0.01 0.  ]
 [0.03 0.01 0.01 0.02 0.   0.01 0.01 0.01 0.01]
 [0.03 0.01 0.01 0.02 0.   0.01 0.01 0.01 0.01]
 [0.01 0.   0.   0.01 0.   0.01 0.01 0.01 0.01]
 [0.02 0.   0.01 0.02 0.   0.01 0.01 0.02 0.02]
 [0.01 0.   0.   0.01 0.   0.01 0.02 0.02 0.03]
 [0.01 0.   0.   0.01 0.   0.01 0.01 0.02 0.04]
 [0.   0.   0.   0.01 0.   0.01 0.01 0.02 0.11]]  

AUDUSD_CLF_dim32_depth5_ASB_True_AF_True_ICB_True_preTr_True_patch_8_batch_128_20250429_130239  
Num Classes 9  
acc:{'test': 0.30465376377105713, 'val': 0.2954353988170624}, mf1:{'test': 0.17125847935676575, 'val': 0.17636050283908844}  
conf mat:[[1370  207    0  235    0  129    4   42   45]
 [ 525  164    0  290    0  195    7   62   64]
 [ 364  148    0  262    0  206    3   88  117]
 [ 290  130    0  267    0  284    4  118  160]
 [ 115   65    0  168    0  199    5   84  125]
 [ 139  108    0  235    0  336    4  209  262]
 [ 102   57    0  193    0  307   16  201  377]
 [  70   49    0  143    0  279    8  213  529]
 [  49   28    0   93    0  235   14  265 1444]]  
conf mat normed:[[0.11 0.02 0.   0.02 0.   0.01 0.   0.   0.  ]
 [0.04 0.01 0.   0.02 0.   0.02 0.   0.   0.01]
 [0.03 0.01 0.   0.02 0.   0.02 0.   0.01 0.01]
 [0.02 0.01 0.   0.02 0.   0.02 0.   0.01 0.01]
 [0.01 0.01 0.   0.01 0.   0.02 0.   0.01 0.01]
 [0.01 0.01 0.   0.02 0.   0.03 0.   0.02 0.02]
 [0.01 0.   0.   0.02 0.   0.02 0.   0.02 0.03]
 [0.01 0.   0.   0.01 0.   0.02 0.   0.02 0.04]
 [0.   0.   0.   0.01 0.   0.02 0.   0.02 0.12]]  

